brock200_1.clq: clique size - 18, time - 8.406 [185, 189, 26, 57, 35, 115, 137, 31, 130, 127, 47, 179, 143, 108, 102, 74, 174, 113]
brock200_2.clq: clique size - 9, time - 10.04 [9, 181, 117, 72, 130, 93, 199, 37, 133]
brock200_3.clq: clique size - 11, time - 9.98 [100, 120, 151, 72, 116, 189, 16, 41, 74, 182, 153]
brock200_4.clq: clique size - 14, time - 9.717 [197, 32, 159, 144, 94, 107, 199, 98, 118, 150, 61, 90, 15, 10]
brock400_1.clq: clique size - 20, time - 83.782 [255, 288, 286, 53, 130, 26, 127, 319, 343, 154, 305, 148, 62, 371, 367, 97, 336, 375, 247, 140]
brock400_2.clq: clique size - 21, time - 91.024 [260, 278, 377, 15, 40, 235, 399, 198, 293, 166, 250, 173, 80, 114, 169, 242, 208, 104, 231, 294, 328]
brock400_3.clq: clique size - 21, time - 96.898 [203, 325, 363, 148, 285, 60, 338, 346, 362, 280, 160, 43, 75, 179, 215, 252, 391, 199, 91, 230, 361]
brock400_4.clq: clique size - 22, time - 42.941 [262, 149, 72, 162, 227, 55, 363, 278, 353, 179, 343, 384, 4, 192, 70, 184, 236, 117, 294, 386, 18, 153]
C125.9.clq: clique size - 33, time - 0.887 [28, 33, 18, 121, 76, 16, 6, 1, 10, 47, 53, 70, 8, 97, 116, 109, 124, 69, 48, 43, 24, 4, 30, 78, 64, 95, 79, 92, 66, 113, 98, 84, 103]
gen200_p0.9_44.clq: clique size - 32, time - 3.704 [81, 68, 49, 139, 85, 87, 155, 51, 62, 22, 166, 116, 198, 18, 94, 192, 58, 1, 110, 107, 48, 173, 102, 124, 34, 78, 23, 71, 178, 106, 136, 161]
gen200_p0.9_55.clq: clique size - 37, time - 3.976 [158, 91, 18, 163, 88, 76, 120, 68, 11, 177, 14, 13, 191, 186, 95, 17, 176, 102, 196, 172, 81, 198, 61, 174, 197, 136, 57, 55, 12, 109, 115, 148, 51, 92, 5, 26, 146]
hamming8-4.clq: clique size - 16, time - 0.026 [0, 15, 51, 60, 85, 90, 102, 105, 150, 153, 165, 170, 195, 204, 240, 255]
johnson16-2-4.clq: clique size - 8, time - 0.009 [0, 5, 14, 27, 44, 65, 90, 119]
johnson8-2-4.clq: clique size - 4, time - 0.001 [0, 5, 14, 27]
keller4.clq: clique size - 7, time - 0.213 [2, 13, 19, 72, 78, 102, 58]
MANN_a27.clq: clique size - 125, time - 0.917 [27, 30, 33, 36, 39, 42, 45, 48, 51, 54, 57, 60, 63, 66, 69, 72, 75, 78, 81, 84, 87, 90, 93, 96, 99, 102, 105, 108, 111, 114, 117, 120, 123, 126, 129, 132, 135, 138, 141, 144, 147, 150, 153, 156, 159, 162, 165, 168, 171, 174, 177, 180, 183, 186, 189, 192, 195, 198, 201, 204, 207, 210, 213, 216, 219, 222, 225, 228, 231, 234, 237, 240, 243, 246, 249, 252, 255, 258, 261, 264, 267, 270, 273, 276, 279, 282, 285, 288, 291, 294, 297, 300, 303, 306, 309, 312, 315, 318, 321, 324, 327, 330, 333, 336, 339, 342, 345, 348, 351, 354, 357, 360, 363, 366, 369, 372, 375, 13, 14, 16, 17, 22, 23, 25, 26]
MANN_a9.clq: clique size - 16, time - 0.011 [9, 12, 15, 18, 21, 24, 27, 30, 33, 36, 39, 42, 4, 5, 7, 8]
p_hat1000-1.clq: clique size - 9, time - 441.792 [639, 74, 961, 616, 121, 463, 460, 177, 875]
p_hat1000-2.clq: clique size - 42, time - 1102.212 [818, 548, 638, 863, 488, 992, 607, 64, 961, 838, 226, 800, 966, 252, 84, 781, 121, 783, 296, 494, 536, 191, 899, 861, 282, 491, 775, 415, 561, 170, 463, 652, 377, 635, 154, 153, 797, 225, 996, 670, 321, 369]
p_hat1500-1.clq: clique size - 9, time - 1619.011 [563, 42, 670, 1030, 216, 1418, 489, 1404, 1415]
p_hat300-3.clq: clique size - 32, time - 23.029 [48, 20, 55, 254, 39, 74, 225, 164, 238, 118, 103, 97, 204, 3, 88, 58, 18, 173, 279, 297, 189, 199, 122, 19, 78, 296, 75, 138, 37, 246, 218, 23]
p_hat500-3.clq: clique size - 46, time - 130.475 [36, 268, 411, 159, 454, 265, 335, 230, 347, 299, 202, 205, 301, 367, 221, 444, 62, 488, 67, 417, 479, 499, 424, 149, 214, 382, 38, 172, 257, 98, 495, 348, 192, 70, 403, 9, 29, 489, 407, 136, 388, 281, 237, 341, 123, 242]
san1000.clq: clique size - 9, time - 342.482 [659, 577, 494, 409, 157, 322, 540, 933, 787]
sanr200_0.9.clq: clique size - 38, time - 2.977 [142, 101, 32, 56, 92, 2, 149, 148, 109, 123, 6, 192, 170, 71, 93, 106, 159, 5, 189, 39, 70, 44, 139, 198, 52, 24, 158, 166, 196, 83, 17, 180, 97, 117, 163, 62, 130, 191]
sanr400_0.7.clq: clique size - 19, time - 43.799 [45, 118, 213, 250, 37, 20, 14, 145, 352, 136, 134, 277, 62, 1, 304, 320, 243, 368, 148]
